0.6525739690470782
0.8182900607845163
0.8015080720754726
0.7729993591360427
0.9732928687008617
0.6202554131324736
0.764402382183947
0.6193694805309453
0.34454706781217215
0.9529610537428121
0.9876697998836581
0.38674918857584073
0.642715149118119
0.935481536424882
0.524847380398473
0.8894842721999436
0.551392051944815
0.43214250537932974
0.9173056579190613
0.6997892413596105
0.9297109416345549
0.9836580102627486
0.6350804656677087
0.7046662697741064
0.5736414281031359
0.9864327830738017
0.872967689848954
0.626461689477399
0.9845640197382491
0.6462554680393886
0.6778275210833455
0.8720229073840748
0.5473903831809671
0.7884070680550292
0.7268273868930277
0.7250794852493468
0.8724228451701905
0.897752476395772
0.7614821412581991
0.4059896497776492
0.672304813718252
0.787416821746209
0.872886824278432
0.5900547538154219
0.6839364964163978
0.6991626435820153
0.8951599074612862
0.7664615817228861
0.7517248001953606
0.5448025288910581
0.4737702853273461
0.8840586883384682
0.7972031790764968
0.6815920695375811
0.7636740799197931
0.61547523398689
0.6272320481260183
0.7262466645238641
0.5940043923134612
0.5441410703965941
0.7981042839607421
0.5661305792933404
0.684565278269445
