0.6912821219165644
0.7975176229593036
0.7786204170929558
0.8508544821705322
0.9840001432162429
0.7109898280777005
0.8245668897657816
0.6489653188085
0.44570624426131156
0.9607357901243425
0.9926646873144109
0.4658733624903979
0.6698867036267699
0.9648389606987806
0.5419113841800177
0.9001357694518033
0.554241730143532
0.47138179988000495
0.9255128671889828
0.7593461798881856
0.9373057440324669
0.9908936172644509
0.7274676170787671
0.6746357446399689
0.5602209153601836
0.9938384315255037
0.8782535850070647
0.7385048732748055
0.9884307465907882
0.5852958872676047
0.661576182506372
0.8813682810288952
0.4820581248082363
0.7233230115302656
0.7298690986454347
0.7604609114352852
0.8691042256750585
0.8907985920607309
0.7295147496619807
0.4415236924400434
0.6914090514238362
0.8463400257301076
0.9000646647451791
0.6935640088877336
0.6648615745002527
0.8192354436098745
0.8946304247885544
0.7546690492864656
0.7291719401066448
0.49074248032531387
0.5674976177679377
0.8827412686462186
0.7849820207459159
0.6624055823373451
0.740374881409226
0.653995569431092
0.6678179348255309
0.6990021585429385
0.6117187956187708
0.5475755281107318
0.7623848478336861
0.6316960570507757
0.6730422782522218
