0.6390581934687305
0.8021132604293373
0.7542738118884242
0.7158673307189695
0.9675468934344716
0.7101881898992632
0.7510806001727877
0.6510197391286037
0.5369881020651658
0.9510509760801384
0.97824950530714
0.474633839825107
0.6312907845413858
0.8775155122091784
0.5635038012337849
0.880725129927481
0.5463385114108518
0.4889789552714279
0.931749762595842
0.5742161005024515
0.912241497845002
0.97897767056308
0.7230451600488671
0.8131005319136115
0.44723788234197004
0.9577296775831975
0.8851228249716143
0.7258103990843985
0.9766798356325649
0.6830220876096913
0.6291846546411398
0.875351399103406
0.5155066225979232
0.7349153867842835
0.7937902049602215
0.6647137708971292
0.7545772415161891
0.8106614241895989
0.7652586207678206
0.44986662224132656
0.7473141690415399
0.7577342678552682
0.8199932509876346
0.5177283269308148
0.535615029329938
0.8143864940079952
0.832788869307685
0.6208108613047038
0.6272839788623304
0.36623330145206645
0.48937638585343346
0.8630561016572176
0.6646093202012104
0.5797015473547589
0.7310787623207033
0.6147175880810003
0.6247589648988802
0.5931455824615369
0.5651460722384889
0.619314688365348
0.6961223800408103
0.5542312750891035
0.6436189446752115
